$ 1 3.125e-8 382.76258214399064 99 5 50 5e-11
r 16 -48 16 0 0 732
r 16 0 16 48 0 750
r 16 48 16 96 0 732
r 16 96 16 144 0 750
r 16 144 16 192 0 732
r 16 240 16 288 0 750
r 16 192 16 240 0 750
r 16 288 16 336 0 750
r 16 48 -48 48 0 1500
r 16 96 -48 96 0 1500
r 16 -48 -48 -48 0 1500
r 16 144 -48 144 0 1500
r 16 192 -48 192 0 1500
r 16 240 -48 240 0 1500
r 16 0 -48 0 0 1500
r 16 288 -48 288 0 1500
r 16 336 -48 336 0 1500
r 16 384 16 336 0 750
g 16 432 -32 432 0 0
r 16 384 -48 384 0 1500
r 16 432 16 384 0 1500
r 16 -48 112 -48 0 750
c 112 -48 112 32 2 3.6e-11 3.4385757011949587 0
g 112 32 112 64 0 0
r 112 -48 272 -48 0 750
c 272 -48 272 32 2 4.3e-11 2.8566781312924783 0
g 272 32 272 64 0 0
r 272 -48 416 -48 0 2200
r 416 -144 416 -48 0 2430
c 416 -144 320 -144 2 0.0000022 0.01958213255066338 0
g 320 -144 304 -144 0 0
r 416 -144 560 -144 0 510
c 560 -144 560 -192 2 0.000009999999999999999 0.07947476819152899 0
g 560 -192 560 -224 0 0
r 560 -144 656 -144 0 499
w 416 -48 496 -48 0
w 496 -48 496 0 0
r 496 -48 624 -48 0 4125
w 496 -48 496 -96 0
w 624 -48 624 -96 0
c 496 -96 624 -96 2 5.5999999999999996e-12 0.44868014295283754 0
409 496 16 624 16 1 0.6 0 0.023100000000000002 2
w 624 -48 624 16 0
r 496 0 416 0 0 4640
r 416 0 352 0 0 1200
c 416 0 416 32 2 0.000001 0.21222063926927276 0
g 416 32 416 64 0 0
r 496 32 496 144 0 1000
c 496 32 464 32 2 0.000001 0.11593249006878363 0
g 464 32 448 32 0 0
w 624 16 704 16 0
R 352 0 352 64 0 0 40 3 0 0 0.5
R 496 144 496 224 0 0 40 1.5 0 0 0.5
164 -192 32 -144 32 4 10 5 5 5 0 5 0 5 5 5 5 false 0
w -96 32 -48 -48 0
w -96 64 -48 0 0
w -96 96 -48 48 0
w -96 128 -48 96 0
w -96 160 -48 144 0
w -96 192 -48 192 0
w -96 224 -48 240 0
w -96 256 -48 288 0
w -96 288 -48 336 0
w -96 320 -48 384 0
R -288 16 -368 16 1 2 1000000 5 5 0 0.5
L -192 320 -256 320 0 0 false 5 0
g 560 48 560 80 0 0
R 560 -16 672 -16 0 0 40 3.3 0 0 0.5
419 -96 32 -80 32 0 10
409 704 0 896 0 3 0.6 0 0.023100000000000002 2
g 800 32 800 64 0 0
R 704 -16 704 -112 0 0 40 0 0 0 0.5
R 800 -32 800 -96 0 0 40 3.3 0 0 0.5
w 896 48 896 496 0
w 896 496 -288 496 0
w -288 496 -288 288 0
w -288 48 -288 288 0
w -288 288 -192 288 0
150 -288 32 -192 32 0 2 5 5
I 896 0 896 48 0 0.5 5
R 656 -144 720 -144 0 0 40 5 0 0 0.5
o 50 64 0 4099 2.5 0.00009765625 0 2 50 3
o 35 64 0 4099 5 0.000390625 1 2 35 3
o 36 64 0 4099 5 0.000390625 2 2 36 3
