$ 1 7.8125e-11 310.77885238917384 99 5 50 5e-11
169 144 64 192 64 2 0.001 0.3333333333333333 0.000025429806001483556 0.8340991403885081 -0.8331508596125587 0.5
g 192 96 208 96 0 0
150 336 64 240 64 0 2 0 5
150 336 128 240 128 0 2 5 5
155 416 64 496 64 1024 0
w 416 64 336 48 0
w 416 128 336 112 0
w 416 128 416 160 0
w 416 160 528 160 0
w 528 160 528 64 0
w 528 64 512 64 0
I 560 96 512 96 0 1000 5
w 336 80 352 80 0
w 352 80 352 176 0
w 336 144 368 144 0
w 352 176 560 176 0
w 560 176 560 96 0
w 560 96 576 96 0
w 576 96 576 192 0
w 576 192 352 192 0
w 352 192 352 208 0
R 352 208 352 256 0 2 25000000 5 0 0 0.5
O -16 64 -80 64 1 0
O -16 128 -80 128 1 0
w 368 144 368 176 0
w 368 176 352 176 0
w 192 64 240 64 3
w 192 128 240 128 3
c 64 128 144 128 0 0.00009999999999999999 0.001003546877771138 0.001
w 64 128 -16 128 0
g 64 0 64 -16 0 0
w 64 64 -16 64 0
c 64 64 144 64 0 0.00009999999999999999 0.0009964531222226534 0.001
r 64 0 64 64 0 1000
r 64 128 64 208 0 1000
g 64 208 64 224 0 0
o 22 16 0 4099 0.2619112733620864 0.0001 0 2 23 0
