$ 1 0.000005 3.452441195350251 98 5 50 5e-11
! default 0 A,En X custom\slogic A1\qA\nA0\q_\n
208 240 80 432 80 1024 default 0
208 256 240 400 240 0 default 0
153 -32 176 96 176 0 2 0 5
150 -32 288 96 288 0 2 0 5
I 16 16 96 16 0 0.5 5
w 16 16 16 64 0
w 96 16 96 64 0
w -32 160 -96 160 0
w -32 304 -96 304 0
153 128 240 256 240 0 2 0 5
w 96 176 128 224 0
w 96 288 128 256 0
153 352 256 480 256 0 2 0 5
w -96 448 -32 448 0
w -96 512 -32 512 0
w -32 512 352 512 0
w 352 512 352 272 0
L -96 160 -160 160 0 1 false 5 0
L -96 304 -160 304 0 1 false 5 0
L -96 448 -160 448 0 0 false 5 0
L -96 512 -160 512 0 0 false 5 0
153 464 80 336 80 0 2 0 5
w 240 80 352 240 0
w 464 96 480 256 0
208 480 256 672 256 0 default 0
153 576 272 704 272 0 2 0 5
208 592 80 784 80 1024 default 0
153 816 80 688 80 0 2 0 5
w 704 272 816 96 0
w 592 80 576 256 0
I 656 -80 752 -80 0 0.5 5
M 752 -80 816 -80 0 2.5
w 656 -80 592 80 0
M 800 272 864 272 0 2.5
I 704 272 800 272 0 0.5 5
w 704 272 704 368 0
w 704 368 -32 368 0
w -32 368 -32 272 0
w -32 272 -32 192 0
w 816 64 816 496 0
w 816 496 816 528 0
w 816 528 352 512 0
w 576 288 576 448 0
w 576 448 -32 448 0
w 464 64 576 448 0
w 96 64 256 272 0
w 96 64 688 112 0
w -64 16 16 16 0
w 16 64 336 112 0
w 16 64 480 288 0
L -64 16 -144 16 0 0 false 5 0
o 31 64 0 4098 5 0.1 0 1
o 33 256 0 4098 5 0.1 1 1
o 29 256 0 4099 5 3276.8 2 2 29 3
o 22 256 0 4099 5 0.00009765625 3 2 22 3
