$ 1 3.125e-8 382.76258214399064 99 5 50 5e-11
r 464 96 416 96 0 10000
r 464 336 416 336 0 10000
r 464 144 416 144 0 10000
r 464 384 416 384 0 10000
r 464 192 416 192 0 10000
r 464 240 416 240 0 10000
r 464 288 416 288 0 10000
r 464 48 416 48 0 10000
r 464 96 464 144 0 4700
r 464 144 464 192 0 4700
r 464 240 464 288 0 4700
r 464 288 464 336 0 4700
r 464 336 464 384 0 4700
r 464 48 464 96 0 4700
r 464 192 464 240 0 4700
r 512 576 464 576 0 10000
g 512 576 528 576 0 0
409 544 32 672 32 1 0.5 -5.517560187032749 0.05 1
409 736 16 928 16 1 0.5 4.850688769358336 0.05 1
164 192 112 288 112 4 12 5 5 5 5 5 5 5 5 5 5 5 5 false 0
w 288 112 416 48 0
w 288 144 416 96 0
w 288 176 416 144 0
w 288 208 416 192 0
w 288 240 416 240 0
w 288 272 416 288 0
w 288 304 416 336 0
w 288 336 416 384 0
L 192 464 128 464 0 0 false 5 0
R 112 96 32 96 1 2 1000000 3.3 0 0 0.5
w 544 -16 544 16 0
w 672 -16 672 32 0
R 608 0 608 -80 0 0 40 5 0 0 0.5
g 608 64 608 96 0 0
R 736 0 736 -80 0 0 40 4.5 0 0 0.5
R 832 -16 832 -80 0 0 40 5 0 0 0.5
g 832 48 832 96 0 0
w 928 16 928 592 0
w 928 592 192 592 0
w 144 592 144 432 0
419 288 112 352 112 0 12
w 144 432 192 432 0
w 144 304 144 432 0
w 144 592 192 592 0
r 544 -16 672 -16 0 10000
150 112 112 192 112 0 2 0 3.3
w 144 304 144 160 0
w 144 160 112 160 0
w 112 160 112 128 0
r 464 432 416 432 0 10000
r 464 480 416 480 0 10000
r 464 528 416 528 0 10000
r 464 576 416 576 0 10000
r 464 432 464 480 0 4700
r 464 480 464 528 0 4700
r 464 528 464 576 0 4700
r 464 384 464 432 0 4700
w 416 432 288 368 0
w 416 480 288 400 0
w 416 528 288 432 0
w 416 576 288 464 0
c 736 32 672 32 2 0.000009999999999999999 0.00023483605739471614 0
g 672 96 672 112 0 0
r 672 32 672 96 0 10000
c 544 48 544 80 2 4.7e-11 4.9984838248543095 0
g 544 80 544 96 0 0
r 544 48 464 48 0 10000
r 928 16 928 -32 0 10000
R 928 -32 928 -96 0 0 40 3.3 0 0 0.5
o 37 64 0 4099 2.2405303392031835 0.0001 0 2 37 3
o 61 64 0 4099 0.00030517578125 0.00009765625 1 2 61 3
o 64 64 0 4099 5 0.00009765625 2 2 64 3
o 66 64 0 4099 0.0000762939453125 0.00009765625 3 2 66 3
